3.0517578125e-05
0.000152587890625
0.000762939453125
0.003814697265625
0.019073486328125
0.095367431640625
0.476837158203125
0.384185791015625
0.920928955078125
0.604644775390625
0.023223876953125
0.116119384765625
0.580596923828125
0.902984619140625
0.514923095703125
0.574615478515625
0.873077392578125
0.365386962890625
0.826934814453125
0.134674072265625
0.673370361328125
0.366851806640625
0.834259033203125
0.171295166015625
0.856475830078125
0.282379150390625
0.411895751953125
0.059478759765625
0.297393798828125
0.486968994140625
0.434844970703125
0.174224853515625
0.871124267578125
0.355621337890625
0.778106689453125
0.890533447265625
0.452667236328125
0.263336181640625
0.316680908203125
0.583404541015625
0.917022705078125
0.585113525390625
0.925567626953125
0.627838134765625
0.139190673828125
0.695953369140625
0.479766845703125
0.398834228515625
0.994171142578125
0.970855712890625
0.854278564453125
0.271392822265625
0.356964111328125
0.784820556640625
0.924102783203125
0.620513916015625
0.102569580078125
0.512847900390625
0.564239501953125
0.821197509765625
0.105987548828125
0.529937744140625
0.649688720703125
0.248443603515625
0.242218017578125
0.211090087890625
0.055450439453125
0.277252197265625
0.386260986328125
0.931304931640625
0.656524658203125
0.282623291015625
0.413116455078125
0.065582275390625
0.327911376953125
0.639556884765625
0.197784423828125
0.988922119140625
0.944610595703125
0.723052978515625
0.615264892578125
0.076324462890625
0.381622314453125
0.908111572265625
0.540557861328125
0.702789306640625
0.513946533203125
0.569732666015625
0.848663330078125
0.243316650390625
0.216583251953125
0.082916259765625
0.414581298828125
0.072906494140625
0.364532470703125
0.822662353515625
0.113311767578125
0.566558837890625
0.832794189453125
0.163970947265625
0.819854736328125
0.099273681640625
0.496368408203125
0.481842041015625
0.409210205078125
0.046051025390625
0.230255126953125
0.151275634765625
0.756378173828125
0.781890869140625
0.909454345703125
0.547271728515625
0.736358642578125
0.681793212890625
0.408966064453125
0.044830322265625
0.224151611328125
0.120758056640625
0.603790283203125
0.018951416015625
0.094757080078125
0.473785400390625
0.368927001953125
0.844635009765625
0.223175048828125
0.115875244140625
0.579376220703125
0.896881103515625
0.484405517578125
0.422027587890625
0.110137939453125
0.550689697265625
0.753448486328125
0.767242431640625
0.836212158203125
0.181060791015625
0.905303955078125
0.526519775390625
0.632598876953125
0.162994384765625
0.814971923828125
0.074859619140625
0.374298095703125
0.871490478515625
0.357452392578125
0.787261962890625
0.936309814453125
0.681549072265625
0.407745361328125
0.038726806640625
0.193634033203125
0.968170166015625
0.840850830078125
0.204254150390625
0.021270751953125
0.106353759765625
0.531768798828125
0.658843994140625
0.294219970703125
0.471099853515625
0.355499267578125
0.777496337890625
0.887481689453125
0.437408447265625
0.187042236328125
0.935211181640625
0.676055908203125
0.380279541015625
0.901397705078125
0.506988525390625
0.534942626953125
0.674713134765625
0.373565673828125
0.867828369140625
0.339141845703125
0.695709228515625
0.478546142578125
0.392730712890625
0.963653564453125
0.818267822265625
0.091339111328125
0.456695556640625
0.283477783203125
0.417388916015625
0.086944580078125
0.434722900390625
0.173614501953125
0.868072509765625
0.340362548828125
0.701812744140625
0.509063720703125
0.545318603515625
0.726593017578125
0.632965087890625
0.164825439453125
0.824127197265625
0.120635986328125
0.603179931640625
0.015899658203125
0.079498291015625
0.397491455078125
0.987457275390625
0.937286376953125
0.686431884765625
0.432159423828125
0.160797119140625
0.803985595703125
0.019927978515625
0.099639892578125
0.498199462890625
0.490997314453125
0.454986572265625
0.274932861328125
0.374664306640625
0.873321533203125
0.366607666015625
0.833038330078125
0.165191650390625
0.825958251953125
0.129791259765625
0.648956298828125
0.244781494140625
0.223907470703125
0.119537353515625
0.597686767578125
0.988433837890625
0.942169189453125
0.710845947265625
0.554229736328125
0.771148681640625
0.855743408203125
0.278717041015625
0.393585205078125
0.967926025390625
0.839630126953125
0.198150634765625
0.990753173828125
0.953765869140625
0.768829345703125
0.844146728515625
0.220733642578125
0.103668212890625
0.518341064453125
0.591705322265625
0.958526611328125
0.792633056640625
0.963165283203125
0.815826416015625
0.079132080078125
0.395660400390625
0.978302001953125
0.891510009765625
0.457550048828125
0.287750244140625
0.438751220703125
0.193756103515625
0.968780517578125
0.843902587890625
0.219512939453125
0.097564697265625
0.487823486328125
0.439117431640625
0.195587158203125
0.977935791015625
0.889678955078125
0.448394775390625
0.241973876953125
0.209869384765625
0.049346923828125
0.246734619140625
0.233673095703125
0.168365478515625
0.841827392578125
0.209136962890625
0.045684814453125
0.228424072265625
0.142120361328125
0.710601806640625
0.553009033203125
0.765045166015625
0.825225830078125
0.126129150390625
0.630645751953125
0.153228759765625
0.766143798828125
0.830718994140625
0.153594970703125
0.767974853515625
0.839874267578125
0.199371337890625
0.996856689453125
0.984283447265625
0.921417236328125
0.607086181640625
0.035430908203125
0.177154541015625
0.885772705078125
0.428863525390625
0.144317626953125
0.721588134765625
0.607940673828125
0.039703369140625
0.198516845703125
0.992584228515625
0.962921142578125
0.814605712890625
0.073028564453125
0.365142822265625
0.825714111328125
0.128570556640625
0.642852783203125
0.214263916015625
0.071319580078125
0.356597900390625
0.782989501953125
0.914947509765625
0.574737548828125
0.873687744140625
0.368438720703125
0.842193603515625
0.210968017578125
0.054840087890625
0.274200439453125
0.371002197265625
0.855010986328125
0.275054931640625
0.375274658203125
0.876373291015625
0.381866455078125
0.909332275390625
0.546661376953125
0.733306884765625
0.666534423828125
0.332672119140625
0.663360595703125
0.316802978515625
0.584014892578125
0.920074462890625
0.600372314453125
0.001861572265625
0.009307861328125
0.046539306640625
0.232696533203125
0.163482666015625
0.817413330078125
0.087066650390625
0.435333251953125
0.176666259765625
0.883331298828125
0.416656494140625
0.083282470703125
0.416412353515625
0.082061767578125
0.410308837890625
0.051544189453125
0.257720947265625
0.288604736328125
0.443023681640625
0.215118408203125
0.075592041015625
0.377960205078125
0.889801025390625
0.449005126953125
0.245025634765625
0.225128173828125
0.125640869140625
0.628204345703125
0.141021728515625
0.705108642578125
0.525543212890625
0.627716064453125
0.138580322265625
0.692901611328125
0.464508056640625
0.322540283203125
0.612701416015625
0.063507080078125
0.317535400390625
0.587677001953125
0.938385009765625
0.691925048828125
0.459625244140625
0.298126220703125
0.490631103515625
0.453155517578125
0.265777587890625
0.328887939453125
0.644439697265625
0.222198486328125
0.110992431640625
0.554962158203125
0.774810791015625
0.874053955078125
0.370269775390625
0.851348876953125
0.256744384765625
0.283721923828125
0.418609619140625
0.093048095703125
0.465240478515625
0.326202392578125
0.631011962890625
0.155059814453125
0.775299072265625
0.876495361328125
0.382476806640625
0.912384033203125
0.561920166015625
0.809600830078125
0.048004150390625
0.240020751953125
0.200103759765625
0.000518798828125
0.002593994140625
0.012969970703125
0.064849853515625
0.324249267578125
0.621246337890625
0.106231689453125
0.531158447265625
0.655792236328125
0.278961181640625
0.394805908203125
0.974029541015625
0.870147705078125
0.350738525390625
0.753692626953125
0.768463134765625
0.842315673828125
0.211578369140625
0.057891845703125
0.289459228515625
0.447296142578125
0.236480712890625
0.182403564453125
0.912017822265625
0.560089111328125
0.800445556640625
0.002227783203125
0.011138916015625
0.055694580078125
0.278472900390625
0.392364501953125
0.961822509765625
0.809112548828125
0.045562744140625
0.227813720703125
0.139068603515625
0.695343017578125
0.476715087890625
0.383575439453125
0.917877197265625
0.589385986328125
0.946929931640625
0.734649658203125
0.673248291015625
0.366241455078125
0.831207275390625
0.156036376953125
0.780181884765625
0.900909423828125
0.504547119140625
0.522735595703125
0.613677978515625
0.068389892578125
0.341949462890625
0.709747314453125
0.548736572265625
0.743682861328125
0.718414306640625
0.592071533203125
0.960357666015625
0.801788330078125
0.008941650390625
0.044708251953125
0.223541259765625
0.117706298828125
0.588531494140625
0.942657470703125
0.713287353515625
0.566436767578125
0.832183837890625
0.160919189453125
0.804595947265625
0.022979736328125
0.114898681640625
0.574493408203125
0.872467041015625
0.362335205078125
0.811676025390625
0.058380126953125
0.291900634765625
0.459503173828125
0.297515869140625
0.487579345703125
0.437896728515625
0.189483642578125
0.947418212890625
0.737091064453125
0.685455322265625
0.427276611328125
0.136383056640625
0.681915283203125
0.409576416015625
0.047882080078125
0.239410400390625
0.197052001953125
0.985260009765625
0.926300048828125
0.631500244140625
0.157501220703125
0.787506103515625
0.937530517578125
0.687652587890625
0.438262939453125
0.191314697265625
0.956573486328125
0.782867431640625
0.914337158203125
0.571685791015625
0.858428955078125
0.292144775390625
0.460723876953125
0.303619384765625
0.518096923828125
0.590484619140625
0.952423095703125
0.762115478515625
0.810577392578125
0.052886962890625
0.264434814453125
0.322174072265625
0.610870361328125
0.054351806640625
0.271759033203125
0.358795166015625
0.793975830078125
0.969879150390625
0.849395751953125
0.246978759765625
0.234893798828125
0.174468994140625
0.872344970703125
0.361724853515625
0.808624267578125
0.043121337890625
0.215606689453125
0.078033447265625
0.390167236328125
0.950836181640625
0.754180908203125
0.770904541015625
0.854522705078125
0.272613525390625
0.363067626953125
0.815338134765625
0.076690673828125
0.383453369140625
0.917266845703125
0.586334228515625
0.931671142578125
0.658355712890625
0.291778564453125
0.458892822265625
0.294464111328125
0.472320556640625
0.361602783203125
0.808013916015625
0.040069580078125
0.200347900390625
0.001739501953125
0.008697509765625
0.043487548828125
0.217437744140625
0.087188720703125
0.435943603515625
0.179718017578125
0.898590087890625
0.492950439453125
0.464752197265625
0.323760986328125
0.618804931640625
0.094024658203125
0.470123291015625
0.350616455078125
0.753082275390625
0.765411376953125
0.827056884765625
0.135284423828125
0.676422119140625
0.382110595703125
0.910552978515625
0.552764892578125
0.763824462890625
0.819122314453125
0.095611572265625
0.478057861328125
0.390289306640625
0.951446533203125
0.757232666015625
0.786163330078125
0.930816650390625
0.654083251953125
0.270416259765625
0.352081298828125
0.760406494140625
0.802032470703125
0.010162353515625
0.050811767578125
0.254058837890625
0.270294189453125
0.351470947265625
0.757354736328125
0.786773681640625
0.933868408203125
0.669342041015625
0.346710205078125
0.733551025390625
0.667755126953125
0.338775634765625
0.693878173828125
0.469390869140625
0.346954345703125
0.734771728515625
0.673858642578125
0.369293212890625
0.846466064453125
0.232330322265625
0.161651611328125
0.808258056640625
0.041290283203125
0.206451416015625
0.032257080078125
0.161285400390625
0.806427001953125
0.032135009765625
0.160675048828125
0.803375244140625
0.016876220703125
0.084381103515625
0.421905517578125
0.109527587890625
0.547637939453125
0.738189697265625
0.690948486328125
0.454742431640625
0.273712158203125
0.368560791015625
0.842803955078125
0.214019775390625
0.070098876953125
0.350494384765625
0.752471923828125
0.762359619140625
0.811798095703125
0.058990478515625
0.294952392578125
0.474761962890625
0.373809814453125
0.869049072265625
0.345245361328125
0.726226806640625
0.631134033203125
0.155670166015625
0.778350830078125
0.891754150390625
0.458770751953125
0.293853759765625
0.469268798828125
0.346343994140625
0.731719970703125
0.658599853515625
0.292999267578125
0.464996337890625
0.324981689453125
0.624908447265625
0.124542236328125
0.622711181640625
0.113555908203125
0.567779541015625
0.838897705078125
0.194488525390625
0.972442626953125
0.862213134765625
0.311065673828125
0.555328369140625
0.776641845703125
0.883209228515625
0.416046142578125
0.080230712890625
0.401153564453125
0.005767822265625
0.028839111328125
0.144195556640625
0.720977783203125
0.604888916015625
0.024444580078125
0.122222900390625
0.611114501953125
0.055572509765625
0.277862548828125
0.389312744140625
0.946563720703125
0.732818603515625
0.664093017578125
0.320465087890625
0.602325439453125
0.011627197265625
0.058135986328125
0.290679931640625
0.453399658203125
0.266998291015625
0.334991455078125
0.674957275390625
0.374786376953125
0.873931884765625
0.369659423828125
0.848297119140625
0.241485595703125
0.207427978515625
0.037139892578125
0.185699462890625
0.928497314453125
0.642486572265625
0.212432861328125
0.062164306640625
0.310821533203125
0.554107666015625
0.770538330078125
0.852691650390625
0.263458251953125
0.317291259765625
0.586456298828125
0.932281494140625
0.661407470703125
0.307037353515625
0.535186767578125
0.675933837890625
0.379669189453125
0.898345947265625
0.491729736328125
0.458648681640625
0.293243408203125
0.466217041015625
0.331085205078125
0.655426025390625
0.277130126953125
0.385650634765625
0.928253173828125
0.641265869140625
0.206329345703125
0.031646728515625
0.158233642578125
0.791168212890625
0.955841064453125
0.779205322265625
0.896026611328125
0.480133056640625
0.400665283203125
0.003326416015625
0.016632080078125
0.083160400390625
0.415802001953125
0.079010009765625
0.395050048828125
0.975250244140625
0.876251220703125
0.381256103515625
0.906280517578125
0.531402587890625
0.657012939453125
0.285064697265625
0.425323486328125
0.126617431640625
0.633087158203125
0.165435791015625
0.827178955078125
0.135894775390625
0.679473876953125
0.397369384765625
0.986846923828125
0.934234619140625
0.671173095703125
0.355865478515625
0.779327392578125
0.896636962890625
0.483184814453125
0.415924072265625
0.079620361328125
0.398101806640625
0.990509033203125
0.952545166015625
0.762725830078125
0.813629150390625
0.068145751953125
0.340728759765625
0.703643798828125
0.518218994140625
0.591094970703125
0.955474853515625
0.777374267578125
0.886871337890625
0.434356689453125
0.171783447265625
0.858917236328125
0.294586181640625
0.472930908203125
0.364654541015625
0.823272705078125
0.116363525390625
0.581817626953125
0.909088134765625
0.545440673828125
0.727203369140625
0.636016845703125
0.180084228515625
0.900421142578125
0.502105712890625
0.510528564453125
0.552642822265625
0.763214111328125
0.816070556640625
0.080352783203125
0.401763916015625
0.008819580078125
0.044097900390625
0.220489501953125
0.102447509765625
0.512237548828125
0.561187744140625
0.805938720703125
0.029693603515625
0.148468017578125
0.742340087890625
0.711700439453125
0.558502197265625
0.792510986328125
0.962554931640625
0.812774658203125
0.063873291015625
0.319366455078125
0.596832275390625
0.984161376953125
0.920806884765625
0.604034423828125
0.020172119140625
0.100860595703125
0.504302978515625
0.521514892578125
0.607574462890625
0.037872314453125
0.189361572265625
0.946807861328125
0.734039306640625
0.670196533203125
0.350982666015625
0.754913330078125
0.774566650390625
0.872833251953125
0.364166259765625
0.820831298828125
0.104156494140625
0.520782470703125
0.603912353515625
0.019561767578125
0.097808837890625
0.489044189453125
0.445220947265625
0.226104736328125
0.130523681640625
0.652618408203125
0.263092041015625
0.315460205078125
0.577301025390625
0.886505126953125
0.432525634765625
0.162628173828125
0.813140869140625
0.065704345703125
0.328521728515625
0.642608642578125
0.213043212890625
0.065216064453125
0.326080322265625
0.630401611328125
0.152008056640625
0.760040283203125
0.800201416015625
0.001007080078125
0.005035400390625
0.025177001953125
0.125885009765625
0.629425048828125
0.147125244140625
0.735626220703125
0.678131103515625
0.390655517578125
0.953277587890625
0.766387939453125
0.831939697265625
0.159698486328125
0.798492431640625
0.992462158203125
0.962310791015625
0.811553955078125
0.057769775390625
0.288848876953125
0.444244384765625
0.221221923828125
0.106109619140625
0.530548095703125
0.652740478515625
0.263702392578125
0.318511962890625
0.592559814453125
0.962799072265625
0.813995361328125
0.069976806640625
0.349884033203125
0.749420166015625
0.747100830078125
0.735504150390625
0.677520751953125
0.387603759765625
0.938018798828125
0.690093994140625
0.450469970703125
0.252349853515625
0.261749267578125
0.308746337890625
0.543731689453125
0.718658447265625
0.593292236328125
0.966461181640625
0.832305908203125
0.161529541015625
0.807647705078125
0.038238525390625
0.191192626953125
0.955963134765625
0.779815673828125
0.899078369140625
0.495391845703125
0.476959228515625
0.384796142578125
0.923980712890625
0.619903564453125
0.099517822265625
0.497589111328125
0.487945556640625
0.439727783203125
0.198638916015625
0.993194580078125
0.965972900390625
0.829864501953125
0.149322509765625
0.746612548828125
0.733062744140625
0.665313720703125
0.326568603515625
0.632843017578125
0.164215087890625
0.821075439453125
0.105377197265625
0.526885986328125
0.634429931640625
0.172149658203125
0.860748291015625
0.303741455078125
0.518707275390625
0.593536376953125
0.967681884765625
0.838409423828125
0.192047119140625
0.960235595703125
0.801177978515625
0.005889892578125
0.029449462890625
0.147247314453125
0.736236572265625
0.681182861328125
0.405914306640625
0.029571533203125
0.147857666015625
0.739288330078125
0.696441650390625
0.482208251953125
0.411041259765625
0.055206298828125
0.276031494140625
0.380157470703125
0.900787353515625
0.503936767578125
0.519683837890625
0.598419189453125
0.992095947265625
0.960479736328125
0.802398681640625
0.011993408203125
0.059967041015625
