0.29843621399176956
0.8454320987654321
0.8269958847736626
0.8727572016460905
0.7234567901234568
0.8976131687242799
0.35818930041152264
0.17925925925925926
0.21267489711934157
0.7547325102880659
0.2128395061728395
0.7721810699588477
0.062386831275720166
0.8241975308641976
0.5761316872427984
0.2811522633744856
0.013333333333333334
0.6245267489711934
0.41102880658436214
0.7802469135802469
0.9173662551440329
0.4520164609053498
0.12493827160493827
0.4546502057613169
0.40411522633744856
0.047407407407407405
0.23637860082304527
0.2673251028806584
0.5476543209876543
0.2625514403292181
0.041646090534979426
0.625679012345679
0.5331687242798354
0.7270781893004116
0.2814814814814815
0.04823045267489712
0.3236213991769547
0.5150617283950617
0.8077366255144033
0.831275720164609
0.32641975308641974
0.8116872427983539
0.2500411522633745
0.7155555555555555
0.060082304526748974
0.579917695473251
0.6824691358024692
0.5529218106995885
0.8209053497942387
0.2271604938271605
0.2902057613168724
0.9730041152263375
0.3496296296296296
0.2719341563786008
0.03621399176954732
0.04987654320987654
0.49810699588477364
0.010534979423868314
0.3279012345679012
0.968724279835391
0.8959670781893004
0.1837037037037037
0.6837860082304527
0.6925102880658436
0.6172839506172839
0.6432921810699589
0.40016460905349793
0.628641975308642
0.8472427983539095
0.018930041152263374
0.21777777777777776
0.2956378600823045
0.5488065843621399
0.38469135802469134
0.988477366255144
0.9897942386831275
0.12938271604938273
0.925761316872428
0.34189300411522633
0.45185185185185184
0.10748971193415638
0.6051028806584362
0.3520987654320988
0.5336625514403293
0.7794238683127572
0.8301234567901234
0.2042798353909465
0.8648559670781893
0.8859259259259259
0.11934156378600823
0.8613991769547326
0.5195061728395062
0.27884773662551443
0.7690534979423869
0.7308641975308642
0.682798353909465
0.5878189300411523
0.52
0.3311934156378601
0.3176954732510288
0.8869135802469136
0.2240329218106996
0.9586831275720165
0.831604938271605
0.36131687242798355
0.5107818930041153
0.3540740740740741
0.7430452674897119
0.9739917695473251
0.454320987654321
0.36921810699588475
0.3483127572016461
0.13234567901234567
0.23983539094650205
0.6337448559670782
0.38814814814814813
0.35489711934156376
0.8302880658436214
0.2217283950617284
0.7144032921810699
0.9379423868312757
0.6330864197530864
0.31835390946502057
0.9567078189300412
0.6222222222222222
0.16674897119341564
0.8865843621399176
0.1891358024691358
0.2595884773662551
0.7275720164609053
0.33382716049382716
0.5968724279835391
0.4796707818930041
0.056296296296296296
0.17860082304526748
0.142880658436214
0.3565432098765432
0.004773662551440329
0.7172016460905349
0.2345679012345679
0.07539094650205762
0.20263374485596708
0.6903703703703704
0.3904526748971193
0.5991769547325103
0.7239506172839506
0.9499588477366255
0.9068312757201646
0.33530864197530863
0.7539094650205761
0.12559670781893004
0.5244444444444445
0.8023045267489712
0.2554732510288066
0.291358024691358
0.0951440329218107
0.29646090534979425
0.6360493827160494
0.6324279835390947
0.248559670781893
0.5585185185185185
0.41415637860082305
0.11176954732510289
0.05876543209876543
0.4403292181069959
0.8860905349794239
0.13679012345679012
0.7109465020576131
0.571522633744856
0.7925925925925926
0.2260082304526749
0.16806584362139917
0.02617283950617284
0.9855144032921811
0.6757201646090535
0.8375308641975309
0.9894650205761317
0.09448559670781893
0.22666666666666666
0.23786008230452674
0.42436213991769545
0.19358024691358025
0.7306995884773663
0.6653497942386831
0.7382716049382716
0.4679835390946502
0.8174485596707819
0.8607407407407407
0.4497119341563786
0.8806584362139918
0.5609876543209876
0.6758847736625514
0.8549794238683127
0.8390123456790124
0.14650205761316873
0.7404115226337449
0.6948148148148148
0.8615637860082305
0.536954732510288
0.12839506172839507
0.8210699588477366
0.24460905349794237
0.1397530864197531
0.025020576131687244
0.8633744855967078
0.7288888888888889
0.4734156378600823
0.39325102880658436
0.8958024691358024
0.1662551440329218
0.834238683127572
0.6404938271604939
0.10353909465020576
0.18633744855967077
0.9629629629629629
0.28526748971193416
0.44954732510288065
0.8632098765432099
0.711440329218107
0.6238683127572017
0.3412345679012346
0.3820576131687243
0.7093004115226338
0.397037037037037
0.297119341563786
0.705843621399177
0.030617283950617285
0.4566255144032922
0.6134979423868313
0.2419753086419753
0.8605761316872428
0.4322633744855967
0.03111111111111111
0.5089711934156379
0.16213991769547326
0.3980246913580247
0.40181069958847737
0.8031275720164609
0.34271604938271605
0.5390946502057613
0.3552263374485597
0.8651851851851852
0.9208230452674897
0.8184362139917696
0.9654320987654321
0.5469958847736626
0.19275720164609053
0.6434567901234568
0.41761316872427984
0.47818930041152263
0.8992592592592593
0.5326748971193416
0.6747325102880658
0.7328395061728395
0.8921810699588477
0.7823868312757202
0.14419753086419754
0.4961316872427984
0.8011522633744856
0.13333333333333333
0.3445267489711934
0.7310288065843621
0.7002469135802469
0.43736625514403293
0.5720164609053497
0.8449382716049383
0.7746502057613168
0.32411522633744855
0.5674074074074074
0.3563786008230453
0.9873251028806584
0.8676543209876543
0.1825514403292181
0.5616460905349794
0.745679012345679
0.2531687242798354
0.04707818930041152
0.20148148148148148
0.5682304526748971
0.44362139917695476
0.23506172839506173
0.1277366255144033
0.7512757201646091
0.8464197530864197
0.9316872427983539
0.9700411522633745
0.035555555555555556
0.9800823045267489
0.09991769547325102
0.8024691358024691
0.2729218106995885
0.1409053497942387
0.14716049382716048
0.8102057613168724
0.09300411522633745
0.06962962962962962
0.5919341563786008
0.9562139917695474
0.5698765432098766
0.6181069958847737
0.7305349794238684
0.6479012345679013
0.8887242798353909
0.4159670781893004
0.3037037037037037
0.4037860082304527
0.012510288065843622
0.537283950617284
0.16329218106995885
0.5201646090534979
0.348641975308642
0.16724279835390946
0.9389300411522634
0.7377777777777778
0.4156378600823045
0.26880658436213994
0.7046913580246914
0.9084773662551441
0.5097942386831276
0.24938271604938272
0.645761316872428
0.6618930041152263
0.3718518518518519
0.6274897119341564
0.7251028806584362
0.07209876543209877
0.8536625514403292
0.6994238683127572
0.35012345679012347
0.3242798353909465
0.5848559670781893
0.20592592592592593
0.039341563786008234
0.3813991769547325
0.6395061728395062
0.9988477366255144
0.08905349794238683
0.6508641975308642
0.20279835390946502
0.7078189300411523
0.24
0.65119341563786
0.2376954732510288
0.4069135802469136
0.3440329218106996
0.6786831275720164
0.15160493827160493
0.28131687242798353
0.030781893004115227
0.4740740740740741
0.4630452674897119
0.2939917695473251
0.374320987654321
0.8892181069958848
0.4683127572016461
0.8523456790123457
0.559835390946502
0.5537448559670782
0.9081481481481481
0.4748971193415638
0.5502880658436214
0.5417283950617284
0.6344032921810699
0.4579423868312757
0.7530864197530864
0.038353909465020576
0.27670781893004115
0.5422222222222223
0.6867489711934156
0.006584362139917695
0.9091358024691358
0.5795884773662552
0.6475720164609053
0.8538271604938271
0.7168724279835391
0.1996707818930041
0.3762962962962963
0.09860082304526749
0.662880658436214
0.4765432098765432
0.7247736625514404
0.03720164609053498
0.1545679012345679
0.5953909465020576
0.3226337448559671
0.4103703703703704
0.7104526748971194
0.5191769547325102
0.24395061728395062
0.06995884773662552
0.6268312757201646
0.6553086419753087
0.6739094650205761
0.6455967078189301
0.6444444444444445
0.5223045267489712
0.5754732510288065
0.21135802469135803
0.6151440329218107
0.41646090534979424
0.35604938271604936
0.9524279835390946
0.16855967078189302
0.07851851851851852
0.5341563786008231
0.8317695473251029
0.37876543209876545
0.36032921810699586
0.4060905349794239
0.25679012345679014
0.43094650205761315
0.891522633744856
0.7125925925925926
0.746008230452675
0.2880658436213992
0.7461728395061729
0.30551440329218105
0.5957201646090535
0.3575308641975309
0.1094650205761317
0.814485596707819
0.5466666666666666
0.15786008230452675
0.9443621399176955
0.3135802469135803
0.45069958847736624
0.9853497942386831
0.6582716049382716
0.9879835390946502
0.9374485596707819
0.5807407407407408
0.7697119341563786
0.8006584362139918
0.08098765432098766
0.7958847736625514
0.5749794238683128
0.15901234567901235
0.06650205761316873
0.26041152263374484
0.8148148148148148
0.5815637860082304
0.8569547325102881
0.04839506172839506
0.3410699588477366
0.36460905349794237
0.8597530864197531
0.34502057613168724
0.7833744855967079
0.24888888888888888
0.5934156378600823
0.11325102880658436
0.21580246913580248
0.08625514403292181
0.354238683127572
0.7604938271604939
0.8235390946502058
0.5063374485596708
0.882962962962963
0.8052674897119342
0.5695473251028806
0.5832098765432099
0.031440329218106994
0.5438683127572016
0.8612345679012345
0.5020576131687243
0.42930041152263376
0.717037037037037
0.217119341563786
0.22584362139917696
0.1506172839506173
0.1766255144032922
0.9334979423868313
0.16197530864197532
0.3805761316872428
0.5522633744855967
0.7511111111111111
0.8289711934156379
0.08213991769547326
0.9180246913580247
0.5218106995884774
0.5231275720164609
0.662716049382716
0.4590946502057613
0.8752263374485597
0.9851851851851852
0.6408230452674897
0.13843621399176956
0.885432098765432
0.06699588477366256
0.31275720164609055
0.3634567901234568
0.7376131687242798
0.3981893004115226
0.4192592592592593
0.6526748971193416
0.39473251028806583
0.05283950617283951
0.8121810699588478
0.3023868312757202
0.2641975308641975
0.21613168724279835
0.12115226337448559
0.05333333333333334
0.8645267489711934
0.8510288065843621
0.4202469135802469
0.7573662551440329
0.4920164609053498
0.36493827160493825
0.8946502057613168
0.04411522633744856
0.8874074074074074
0.2763786008230453
0.5073251028806585
0.9876543209876543
0.9025514403292181
0.8816460905349794
0.665679012345679
0.7731687242798354
0.16707818930041152
0.9214814814814815
0.8882304526748971
0.36362139917695474
0.7550617283950617
0.24773662551440329
0.47127572016460906
0.16641975308641976
0.851687242798354
0.49004115226337447
0.15555555555555556
0.700082304526749
0.41991769547325103
0.7224691358024692
0.7929218106995884
0.2609053497942387
0.8671604938271605
0.13020576131687242
0.013004115226337449
0.5896296296296296
0.7119341563786008
0.6762139917695473
0.8898765432098765
0.5381069958847736
0.2505349794238683
0.7679012345679013
0.6087242798353909
0.7359670781893004
0.2237037037037037
0.9237860082304526
0.1325102880658436
0.25728395061728393
0.48329218106995886
0.44016460905349797
0.868641975308642
0.2872427983539095
0.6589300411522634
0.057777777777777775
0.3356378600823045
0.7888065843621399
0.8246913580246914
0.628477366255144
0.8297942386831276
0.1693827160493827
0.16576131687242798
0.7818930041152263
0.09185185185185185
0.9474897119341564
0.6451028806584362
0.5920987654320987
0.9736625514403292
0.4194238683127572
0.6701234567901234
0.2442798353909465
0.1048559670781893
0.32592592592592595
0.7593415637860083
0.7013991769547325
0.5595061728395062
0.5188477366255144
0.20905349794238684
0.3708641975308642
0.522798353909465
0.6278189300411523
0.76
0.77119341563786
0.9576954732510288
0.7269135802469135
0.2640329218106996
0.19868312757201645
0.2716049382716049
0.0013168724279835392
0.3507818930041152
0.3940740740740741
0.9830452674897119
0.4139917695473251
0.09432098765432098
0.20921810699588478
0.3883127572016461
0.37234567901234567
0.679835390946502
0.2737448559670782
0.22814814814814816
0.3948971193415638
0.0702880658436214
0.6617283950617284
0.35440329218107
0.7779423868312757
0.6730864197530865
0.5583539094650206
0.39670781893004115
0.26222222222222225
0.006748971193415638
0.9265843621399177
0.4291358024691358
0.6995884773662552
0.36757201646090537
0.17382716049382715
0.636872427983539
0.7196707818930042
0.4962962962962963
0.8186008230452675
0.982880658436214
0.39654320987654323
0.24477366255144034
0.15720164609053497
0.8745679012345678
0.9153909465020577
0.2426337448559671
0.9303703703703704
0.8304526748971194
0.2391769547325103
0.5639506172839506
0.9899588477366256
0.1468312757201646
0.7753086419753087
0.3939094650205761
0.96559670781893
0.5644444444444444
0.04230452674897119
0.6954732510288066
0.931358024691358
0.9351440329218107
0.3364609053497942
0.8760493827160494
0.07242798353909465
0.888559670781893
0.3985185185185185
0.45415637860082303
0.3517695473251029
0.49876543209876545
0.08032921810699588
0.7260905349794239
0.17679012345679013
0.9509465020576132
0.011522633744855968
0.4325925925925926
0.0660082304526749
0.20806584362139918
0.2661728395061728
0.42551440329218104
0.3157201646090535
0.6775308641975308
0.029465020576131686
0.3344855967078189
0.6666666666666666
0.8778600823045267
0.26436213991769547
0.23358024691358026
0.9706995884773663
0.10534979423868313
0.3782716049382716
0.3079835390946502
0.8574485596707819
0.10074074074074074
0.8897119341563786
0.5206584362139918
0.40098765432098765
0.7158847736625514
0.09497942386831276
0.27901234567901234
0.7865020576131687
0.5804115226337448
0.7348148148148148
0.10156378600823045
0.9769547325102881
0.7683950617283951
0.6610699588477367
0.2846090534979424
0.3797530864197531
0.46502057613168724
0.5033744855967078
0.5688888888888889
0.5134156378600823
0.6332510288065843
0.3358024691358025
0.8062551440329218
0.6742386831275721
0.6804938271604938
0.34353909465020577
0.6263374485596708
0.6029629629629629
0.12526748971193416
0.4895473251028807
0.10320987654320987
0.151440329218107
0.26386831275720163
0.18123456790123457
0.42205761316872425
0.9493004115226338
0.837037037037037
0.937119341563786
0.545843621399177
0.07061728395061728
0.6966255144032922
0.053497942386831275
0.8819753086419753
0.7005761316872428
0.4722633744855967
0.27111111111111114
0.9489711934156378
0.8021399176954732
0.2380246913580247
0.44181069958847735
0.043127572016460905
0.782716049382716
0.17909465020576132
0.19522633744855966
0.9051851851851852
0.16082304526748972
0.2584362139917695
0.6054320987654321
0.38699588477366254
0.23275720164609054
0.8834567901234568
0.8576131687242798
0.11818930041152263
0.7392592592592593
0.5726748971193416
0.9147325102880658
0.1728395061728395
0.5321810699588477
0.6223868312757201
0.18419753086419752
0.7361316872427983
0.2411522633744856
0.7733333333333333
0.18452674897119342
0.7710288065843621
0.9402469135802469
0.8773662551440329
0.21201646090534979
0.6849382716049383
0.8146502057613169
0.5641152263374486
0.007407407407407408
0.9963786008230453
0.8273251028806584
0.9076543209876543
0.4225514403292181
0.0016460905349794238
0.38567901234567903
0.09316872427983539
0.08707818930041153
0.4414814814814815
0.00823045267489712
0.08362139917695473
0.07506172839506173
0.1677366255144033
0.9912757201646091
0.28641975308641976
0.5716872427983539
0.8100411522633745
0.07555555555555556
0.22008230452674898
0.5399176954732511
0.44246913580246916
0.11292181069958848
0.1809053497942387
0.3871604938271605
0.25020576131687244
0.7330041152263375
0.9096296296296297
0.6319341563786008
0.19621399176954732
0.009876543209876543
0.25810699588477365
0.5705349794238683
0.6879012345679012
0.12872427983539095
0.8559670781893004
0.9437037037037037
0.24378600823045268
0.052510288065843624
0.777283950617284
0.6032921810699589
0.16016460905349794
0.18864197530864196
0.20724279835390946
0.17893004115226338
0.17777777777777778
0.05563786008230453
0.10880658436213991
0.7446913580246913
0.14847736625514404
0.9497942386831276
0.8893827160493827
0.48576131687242796
0.7018930041152264
0.6118518518518519
0.06748971193415639
0.3651028806584362
0.9120987654320988
0.8936625514403292
0.9394238683127571
0.7901234567901234
0.9642798353909465
0.4248559670781893
0.24592592592592594
0.2793415637860082
0.8213991769547325
0.2795061728395062
0.8388477366255144
0.12905349794238682
0.8908641975308642
0.642798353909465
0.3478189300411523
0.08
0.6911934156378601
0.4776954732510288
0.8469135802469135
0.9840329218106996
0.5186831275720165
0.19160493827160494
0.5213168724279835
0.4707818930041152
0.11407407407407408
0.30304526748971194
0.3339917695473251
0.614320987654321
0.3292181069958848
0.10831275720164608
0.6923456790123457
0.5998353909465021
0.7937448559670782
0.34814814814814815
0.11489711934156378
0.3902880658436214
0.5817283950617284
0.8744032921810699
0.8979423868312757
0.39308641975308645
0.8783539094650206
0.31670781893004113
0.7822222222222223
0.12674897119341563
0.6465843621399177
0.7491358024691358
0.6195884773662551
0.8875720164609053
0.2938271604938272
0.3568724279835391
0.03967078189300412
0.4162962962962963
0.3386008230452675
0.102880658436214
0.11654320987654321
0.5647736625514403
0.07720164609053498
0.3945679012345679
0.03539094650205761
0.9626337448559671
0.25037037037037035
0.7504526748971193
0.7591769547325102
0.6839506172839506
0.7099588477366255
0.4668312757201646
0.6953086419753086
0.9139094650205761
0.08559670781893004
0.28444444444444444
0.3623045267489712
0.6154732510288066
0.45135802469135805
0.0551440329218107
0.05646090534979424
0.19604938271604938
0.9924279835390947
0.408559670781893
0.5185185185185185
0.17415637860082306
0.6717695473251029
0.41876543209876543
0.6003292181069959
0.8460905349794239
0.8967901234567901
0.27094650205761317
0.931522633744856
0.9525925925925925
0.1860082304526749
0.9280658436213992
0.5861728395061728
0.3455144032921811
0.8357201646090535
0.7975308641975308
0.7494650205761317
0.6544855967078189
0.5866666666666667
0.39786008230452674
0.38436213991769547
0.9535802469135802
0.29069958847736627
0.025349794238683127
0.8982716049382716
0.4279835390946502
0.5774485596707819
0.42074074074074075
0.8097119341563787
0.04065843621399177
0.5209876543209877
0.43588477366255146
0.41497942386831277
0.19901234567901235
0.30650205761316873
0.7004115226337448
0.45481481481481484
0.42156378600823047
0.896954732510288
0.2883950617283951
0.7810699588477367
0.004609053497942387
0.6997530864197531
0.3850205761316872
0.02337448559670782
0.6888888888888889
0.2334156378600823
0.9532510288065844
0.25580246913580246
0.32625514403292183
0.7942386831275721
0.4004938271604938
0.6635390946502058
0.5463374485596708
0.12296296296296297
0.24526748971193416
0.20954732510288065
0.42320987654320985
0.071440329218107
0.7838683127572016
0.3012345679012346
0.14205761316872428
0.26930041152263373
0.7570370370370371
0.45711934156378603
0.665843621399177
0.7906172839506173
0.016625514403292182
0.9734979423868313
0.4019753086419753
0.8205761316872427
0.19226337448559672
0.5911111111111111
0.8689711934156379
0.32213991769547323
0.35802469135802467
0.16181069958847735
0.3631275720164609
0.702716049382716
0.6990946502057613
0.31522633744855966
0.6251851851851852
0.4808230452674897
0.17843621399176954
0.1254320987654321
0.5069958847736625
0.9527572016460906
0.2034567901234568
0.7776131687242799
0.6381893004115227
0.8592592592592593
0.2926748971193416
0.23473251028806585
0.09283950617283951
0.052181069958847734
0.7423868312757201
0.9041975308641975
0.05613168724279836
0.1611522633744856
0.29333333333333333
0.3045267489711934
0.49102880658436215
0.26024691358024693
0.7973662551440329
0.7320164609053498
0.8049382716049382
0.5346502057613168
0.8841152263374485
0.9274074074074075
0.5163786008230453
0.9473251028806584
